Matrices Generated with Original Input:

Lag Matrix:
[[  0.     7.38  -8.73   3.52   1.49  16.55   8.36]
 [ -7.38   0.    10.28  -3.84  -5.87   9.17   0.98]
 [  8.73 -10.28   0.   -14.1  -16.15  -1.11  -9.3 ]
 [ -3.52   3.84  14.1    0.    -2.05  13.01   4.82]
 [ -1.49   5.87  16.15   2.05   0.    15.04   6.85]
 [-16.55  -9.17   1.11 -13.01 -15.04   0.    -8.19]
 [ -8.36  -0.98   9.3   -4.82  -6.85   8.19   0.  ]]

Correlation Matrix:
[[1.    0.421 0.346 0.367 0.413 0.451 0.424]
 [0.421 1.    0.721 0.611 0.68  0.697 0.677]
 [0.346 0.721 1.    0.689 0.759 0.759 0.662]
 [0.367 0.611 0.689 1.    0.696 0.654 0.56 ]
 [0.413 0.68  0.759 0.696 1.    0.756 0.661]
 [0.451 0.697 0.759 0.654 0.756 1.    0.707]
 [0.424 0.677 0.662 0.56  0.661 0.707 1.   ]]

Matrices Generated with Approximately Synchronized Input:
Lag Matrix:
[[ 0.    0.38  0.66 -0.47  0.51  1.56  0.36]
 [-0.38  0.    0.28 -0.85  0.13  1.17 -0.02]
 [-0.66 -0.28  0.   -1.11 -0.15  0.9  -0.3 ]
 [ 0.47  0.85  1.11  0.    0.94  2.01  0.81]
 [-0.51 -0.13  0.15 -0.94  0.    1.05 -0.15]
 [-1.56 -1.17 -0.9  -2.01 -1.05  0.   -1.19]
 [-0.36  0.02  0.3  -0.81  0.15  1.19  0.  ]]

Correlation Matrix:
[[1.    0.438 0.443 0.382 0.428 0.448 0.444]
 [0.438 1.    0.722 0.629 0.679 0.696 0.672]
 [0.443 0.722 1.    0.686 0.759 0.758 0.662]
 [0.382 0.629 0.686 1.    0.708 0.656 0.571]
 [0.428 0.679 0.759 0.708 1.    0.754 0.662]
 [0.448 0.696 0.758 0.656 0.754 1.    0.706]
 [0.444 0.672 0.662 0.571 0.662 0.706 1.   ]]

Best Estimate of Lag Matrix:
[[  0.     7.38  17.66   3.53   1.51  16.56   8.36]
 [ -7.38   0.    10.28  -3.85  -5.87   9.17   0.98]
 [-17.66 -10.28   0.   -14.11 -16.15  -1.1   -9.3 ]
 [ -3.53   3.85  14.11   0.    -2.06  13.01   4.81]
 [ -1.51   5.87  16.15   2.06   0.    15.05   6.85]
 [-16.56  -9.17   1.1  -13.01 -15.05   0.    -8.19]
 [ -8.36  -0.98   9.3   -4.81  -6.85   8.19   0.  ]]

Best Estimate of Lag at Each Camera:
[ 0.     7.384 17.658  3.546  1.506 16.554  8.36 ]
Lag on Camera1 is 0.000 seconds / 0 frames
Lag on Camera2 is 7.384 seconds / 222 frames
Lag on Camera3 is 17.658 seconds / 530 frames
Lag on Camera4 is 3.546 seconds / 106 frames
Lag on Camera6 is 1.506 seconds / 45 frames
Lag on Camera7 is 16.554 seconds / 497 frames
Lag on Camera8 is 8.360 seconds / 251 frames